226.159504919 187.6463 12.414899826
137.073323845 187.6689 12.4033002853
155.057591636 187.72 12.4319000244
250.006764647 187.7355 12.3280000687
259.582141257 187.6694 12.3283996582
222.316237671 187.7142 12.3298997879
217.204144826 187.7166 12.331700325
224.736872206 187.7302 12.3333997726
208.04462077 187.7126 12.3337001801
205.850233791 187.6951 12.3348999023
202.581516538 187.7132 12.3353004456
194.463778377 187.7067 12.337100029
194.246034179 187.7099 12.3373003006
194.091698477 187.7211 12.3393001556
186.075456994 187.7192 12.3410997391
197.382348234 187.7314 12.342300415
180.116376649 187.6929 12.3427000046
186.241084284 187.7323 12.3463001251
186.548194329 187.6785 12.3466997147
163.082320851 187.689 12.3488998413
184.503207105 187.7373 12.3500995636
190.804783625 187.7407 12.3505001068
144.767096571 187.6967 12.3519001007
144.126355401 187.7187 12.353099823
165.502377116 187.7347 12.3548002243
170.474504972 187.7387 12.356300354
126.481771533 187.7107 12.356300354
126.66563993 187.7158 12.3572998047
121.005811779 187.7096 12.3577003479
139.092903467 187.6828 12.3597002029
250.3208129 187.7696 12.3601999283
119.217195689 187.6915 12.3611001968
108.403835857 187.7061 12.361000061
241.153917417 187.7676 12.3620004654
115.626655164 187.6913 12.3622999191
107.879038628 187.717 12.3632001877
101.508402041 187.7134 12.3639001846
102.891658196 187.6949 12.3646001816
191.511945586 187.7534 12.3652000427
153.817370886 187.741 12.3656997681
128.155188001 187.7332 12.367600441
125.991295978 187.6792 12.3676996231
104.750154017 187.686 12.3694000244
128.417164832 187.6767 12.369600296
127.300540867 187.7348 12.3698997498
101.834622254 187.7262 12.3710002899
217.353507809 187.7644 12.3718004227
95.2814683371 187.7253 12.3726997375
99.8867271328 187.7277 12.3733997345
184.643167369 187.7553 12.3739004135
106.890468336 187.6805 12.3746995926
121.14265861 187.6747 12.3767004013
132.942638831 187.7411 12.3777999878
94.4498685818 187.7291 12.3780002594
117.29083161 187.7368 12.3789997101
127.40234739 187.6713 12.380399704
125.847778006 187.74 12.3807001114
121.727157201 187.7389 12.3810997009
92.8904105565 187.7307 12.382399559
109.715800243 187.6757 12.3831996918
141.036903514 187.7452 12.383600235
154.376511012 187.7494 12.3858003616
104.769714449 187.6765 12.3859996796
119.535818176 187.7395 12.3865003586
236.177929894 187.773 12.3905000687
139.005083287 187.6663 12.3912000656
93.4178726456 187.7324 12.3914003372
151.677477082 187.6627 12.391699791
107.958792079 187.736529 12.3918022
114.485510195 187.6733 12.3923997879
185.888785726 187.7586 12.3943004608
145.843946317 187.6645 12.3944997787
92.3257607126 187.7319 12.394200325
205.076969871 187.6476 12.3943004608
193.280579392 187.7607 12.3943996429
93.2980525418 187.6797 12.3956003189
133.162515446 187.7434 12.3957996368
106.077059345 187.6761 12.3961000443
113.02032371 187.7378 12.3943996429
123.240117808 187.6715 12.3979997635
97.6502733732 187.6792 12.3987998962
100.851256764 187.7332 12.3994998932
119.217028035 187.6732 12.4000997543
103.110485882 187.6782 12.4006996155
117.940636294 187.738 12.4004001617
233.45501368 187.7715 12.4006996155
101.224826755 187.6803 12.4041004181
164.631288129 187.661 12.404299736
100.392897978 187.6809 12.4047002792
167.958817166 187.7515 12.404800415
117.946550379 187.6759 12.4059000015
96.7397554975 187.7286 12.4062004089
116.503815068 187.7347 12.406999588
140.735043497 187.6694 12.4072999954
218.282569981 187.6455 12.4054002762
206.56793585 187.6495 12.4074001312
120.075798111 187.7351 12.4083003998
104.010324371 187.7289 12.4091997147
100.498833266 187.6846 12.4097995758
150.349731288 187.6678 12.410200119
205.865393135 187.6509 12.410900116
121.213048935 187.7335 12.4111995697
162.452659579 187.747 12.4116001129
98.5203778333 187.6881 12.4123001099
101.276725643 187.7238 12.4131002426
126.805123082 187.7328 12.4145002365
93.8055332014 187.7178 12.4144001007
138.653958858 187.6749 12.4149999619
90.5992825075 187.715149 12.4145754
89.1718125612 187.7014 12.4154996872
90.9846913013 187.7003 12.4158000946
97.6377935395 187.7171 12.4159002304
219.992287064 187.7627 12.4166002274
94.2843767762 187.7056 12.4173002243
104.005278472 187.7181 12.4174003601
106.461232965 187.7197 12.4174003601
97.6432866228 187.699 12.4174003601
115.464944342 187.7245 12.4174995422
187.895843821 187.752 12.4174003601
134.698556448 187.7316 12.418800354
106.158221147 187.714 12.419500351
112.996714381 187.7184 12.4200000763
113.252949964 187.6961 12.4210996628
194.168633846 187.66 12.4211997986
115.630752202 187.6958 12.4216995239
166.670596373 187.6708 12.4223003387
128.591695047 187.7231 12.4225997925
149.890347626 187.6793 12.4237003326
148.098871756 187.731 12.4240999222
216.933428853 187.6542 12.4240999222
141.673585328 187.6857 12.4252004623
126.348443424 187.7066 12.426199913
221.474334609 187.7567 12.4273996353
242.869013241 187.7634 12.4284000397
206.523180668 187.662 12.4293003082
199.650614182 187.7456 12.4307003021
146.666102838 187.7012 12.431599617
146.840836174 187.7057 12.4319000244
170.361266436 187.6845 12.4336004257
160.398831513 187.7189 12.4337997437
215.220708376 187.6634 12.4342002869
248.576282519 187.651 12.4347000122
171.810767429 187.6864 12.4349002838
161.643210915 187.7103 12.4357995987
201.697693108 187.6722 12.4364995956
170.015094525 187.7149 12.4375
200.644695138 187.6742 12.4375
205.175386392 187.675 12.439499855
190.948421587 187.7269 12.4399995804
223.459577179 187.6672 12.4404001236
241.071398463 187.7518 12.4407997131
187.672007989 187.7199 12.4413995743
181.663870535 187.7136 12.4409999847
181.77712759 187.7025 12.4414997101
187.526463797 187.7025 12.4430999756
195.358996753 187.7088 12.4453001022
218.639465318 187.7333 12.445599556
200.975144087 187.7111 12.4467000961
265.682244986 187.6566 12.4470996857
203.834537476 187.7121 12.4474000931
238.763145178 187.7404 12.4482002258
275.859280409 187.6549 12.4493999481
226.058620346 187.6827 12.4497003555
271.145157246 187.6584 12.4504995346
221.743823217 187.7197 12.4511995316
217.703482237 187.701 12.4513998032
307.982845544 187.7742 12.4446001053
258.809426668 187.7751 12.3668003082
304.827492131 187.7751 12.3402004242
238.751874797 187.7736 12.3952999115
250.83508255 187.7727 12.4153995514
227.136744044 187.77 12.3984003067
308.203427653 187.7714 12.3343000412
291.920624293 187.7657 12.4472999573
206.053889928 187.7641 12.3850002289
198.053746205 187.7619 12.3964004517
192.922241992 187.7607 12.3908004761
184.723802289 187.7582 12.3870000839
175.798392403 187.7558 12.3893995285
300.817011234 187.7561 12.3234996796
230.737320544 187.7553 12.3489999771
185.196649432 187.7535 12.4130001068
259.149712648 187.7549 12.3374004364
155.795652633 187.7501 12.392999649
244.535568768 187.7475 12.4455003738
192.032931189 187.7473 12.3563995361
199.22857254 187.7473 12.3534002304
147.803864845 187.7461 12.4028997421
222.104297409 187.7441 12.440199852
211.906812472 187.7438 12.3453998566
226.94532835 187.742 12.3388996124
114.487520406 187.7383 12.3886995316
181.268454979 187.7383 12.3520002365
144.425808646 187.7377 12.3657999039
210.986059937 187.7356 12.4420003891
177.493292911 187.7367 12.3521003723
98.0762588849 187.7337 12.3922996521
226.298631335 187.7321 12.4484996796
99.7024221246 187.7334 12.397600174
99.7061533918 187.73007 12.3767348
83.7861136359 187.7295 12.3884000778
176.193291184 187.7303 12.348400116
113.153478224 187.7285 12.3688001633
172.747523379 187.7266 12.4345998764
101.796012932 187.726 12.4113998413
199.379720472 187.7251 12.4432001114
83.251235907 187.725772 12.3786404
76.691727697 187.7255 12.3818998337
178.352797106 187.7228 12.4378004074
84.7745572231 187.72415 12.375799
196.815080477 187.724 12.3394002914
165.719942019 187.7218 12.3478002548
73.4933389266 187.7198 12.4062995911
79.560865314 187.7204 12.3741998672
90.825523539 187.7167 12.4139995575
202.374084358 187.7144 12.4467000961
233.348286652 187.7169 12.3271999359
106.647146518 187.7145 12.419500351
158.604056984 187.7156 12.3480997086
184.412281162 187.7157 12.3408002853
165.93720364 187.7128 12.4366998672
107.54774182 187.7128 12.4202003479
242.62474873 187.7149 12.3242998123
105.608345333 187.7137 12.3627996445
85.1153123109 187.7122 12.3683004379
130.743096516 187.7126 12.3554000854
122.203946819 187.7101 12.4247999191
149.364219943 187.7088 12.4324998856
60.1750582273 187.7068 12.4077997208
196.973836039 187.7065 12.336400032
77.148281841 187.7049 12.3697004318
92.4352876671 187.70389 12.3655049
72.0375406733 187.701495 12.4106678
169.239244684 187.6994 12.4377002716
66.4423769233 187.698747 12.4082205
105.197237855 187.6969 12.4189996719
247.07677076 187.6964 12.32310009
142.369900801 187.6954 12.3528995514
121.832483185 187.6934 12.4226999283
132.543671843 187.6914 12.3570995331
125.152834745 187.6895 12.4219999313
125.0038773 187.6909 12.3596000671
139.603028118 187.6885 12.4259996414
83.828863941 187.6885 12.4070997238
174.472097528 187.6885 12.345700264
113.539200617 187.686 12.4160003662
108.950388149 187.6858 12.4141998291
83.6204182613 187.6827 12.3964996338
103.743957563 187.682 12.4081001282
238.923519857 187.6833 12.328499794
204.859554303 187.6829 12.3388004303
88.6817895339 187.6812 12.3964004517
97.5603701857 187.681 12.4032001495
115.878098826 187.6805 12.4117002487
206.229109675 187.6795 12.4422998428
228.61492733 187.6791 12.4490003586
169.527612799 187.6772 12.4289999008
97.9338215593 187.678 12.3900995255
99.9661059219 187.6781 12.3850002289
201.436125689 187.6762 12.4390001297
120.258065883 187.6769 12.3732995987
120.754645296 187.674 12.4036998749
112.016508593 187.6742 12.3948001862
126.517625707 187.6733 12.3760995865
178.40076908 187.6715 12.4275999069
140.605296268 187.6716 12.4112997055
239.894998284 187.6703 12.4479999542
123.410924277 187.6708 12.3931999207
194.916259356 187.6637 12.4263000488
228.001958244 187.6654 12.3416004181
157.364572382 187.6615 12.3971004486
199.119993166 187.6615 12.3566999435
183.163792348 187.6603 12.366399765
270.357275739 187.6603 12.3305997849
168.189214088 187.658 12.390999794
181.196390008 187.6563 12.404999733
243.093444292 187.6532 12.4349002838
188.172234131 187.6524 12.3881998062
291.904878084 187.6429 12.4440002441
315.186373173 187.6394 12.4498996735
43.2963353824 187.7125 12.3809995651
36.8393114266 187.7097 12.3816003799
36.8999405043 187.6955 12.3929004669
51.2666075624 187.7161 12.3809995651
50.2376765883 187.6919 12.394200325
46.8867926806 187.6925 12.3913002014
58.5839573107 187.7171 12.4031000137
33.5212925531 187.7058 12.3817996979
25.1856493467 187.7087 12.3846998215
29.9283904808 187.713535 12.3875716
39.3513082523 187.703278 12.4017533
42.058977461 187.7085 12.4025001526
30.0743795892 187.712 12.396900177
28.6310577808 187.7132 12.3944997787
55.1319824605 187.7055 12.3758001328
93.9585085596 187.6875 12.4100999832
55.8816920576 187.690218 12.3882231
52.8631522327 187.704809 12.4057612
222.452877042 187.6998 12.3296003342
273.164680562 187.7579 12.3347997665
74.7804348328 187.6903 12.4053001404
197.645391231 187.6497 12.3940000534
70.1193309441 187.7107 12.4099998474
138.438212332 187.7415 12.4074001312
219.308282198 187.6453 12.4057998657
140.396673321 187.6852 12.4245004654
60.6414704706 187.703082 12.374482
103.003581548 187.7061 12.3625001907
